2222.29 3277.23
1138.41 2508.69
1590.3 2311.72
1140.1 2508.44
1590.3 3277.23
2222.29 4781.45
1590.3 3277.23
1590.3 4781.45
1590.3 3277.23
1590.3 4781.45
2222.29 3277.23
1590.3 2311.72
1153.03 4781.45
1153.92 2508.44
1590.3 2311.36
1570.68 2424.08
1140.2 1605.52
1573.07 2329.89
1590.3 2311.72
1590.3 3277.23
1140.2 2329.89
1138.41 2508.69
2218.04 3297.87
1140.1 2508.44
1590.3 2311.72
2222.29 3277.23
2222.29 3277.23
1140.2 2311.72
1590.3 2311.72
2222.29 3277.23
2222.29 3277.23
2222.29 3277.23
2223.83 3277.23
1138.41 2508.69
1140.2 3277.23
1573.07 3300.69
2222.29 3277.23
1570.68 2424.08
1590.3 3277.23
1590.3 2311.72
2222.29 3276.21
1590.3 2311.72
1590.3 2311.72
1590.3 2311.72
1590.3 2311.72
1140.1 2508.44
2213.91 3294.08
1138.41 2508.69
1590.3 4781.45
2226.4 3277.23
1570.68 2424.08
1590.3 2311.72
1153.03 1605.52
1567.65 3294.08
1140.2 3277.23
1570.68 2424.08
2222.29 3277.23
1590.3 2311.72
2222.29 3277.23
1590.3 3277.23
2222.29 3277.23
2222.29 3277.23
2222.29 3277.23
1590.3 3277.23
1153.03 1605.52
1627.03 3277.23
1590.3 4781.45
2222.29 3277.23
1605.07 2311.72
1567.65 4608.03
3235.42 4781.45
1590.3 2311.72
1570.68 2424.08
2222.29 3277.23
1570.68 2424.08
1570.68 2424.08
2222.29 3277.23
1153.03 3277.23
2222.29 3277.23
2222.29 3277.23
1570.68 2424.08
2222.29 3277.23
1138.41 2508.69
1567.65 3294.08
1590.3 2311.72
2222.29 3277.23
2223.31 3277.23
1590.3 2311.72
2222.29 3277.23
1590.3 3277.23
1153.03 1605.52
2222.29 3277.23
2213.91 3294.08
1153.03 3277.23
2222.29 3277.23
1153.03 1604.53
2221.09 3300.69
1574.54 2249.76
1138.41 2508.69
3235.42 4781.45
2222.29 3277.23
1590.3 3277.23
1590.3 3277.23
2222.29 3277.23
1573.07 3277.23
2222.29 3277.23
1605.07 3277.23
3236.93 4781.45
1153.03 2329.89
1573.07 3277.23
2222.29 3277.23
1590.3 3277.23
1140.2 4781.45
2250.05 3297.87
1153.92 2508.44
1590.3 3277.23
1140.2 3277.23
2222.29 3277.23
1140.2 3300.69
2213.91 3294.08
1590.3 2311.72
2222.29 3277.23
2222.29 3277.23
1590.3 3277.23
3235.42 4781.45
1590.3 2249.75
1596.79 2311.36
1612.99 4781.45
2215.71 3271.6
2222.29 3277.23
1153.03 3277.23
2222.29 3277.23
1573.07 2329.89
1153.03 3277.23
1567.65 3294.08
2218.85 3274.4
2222.29 4781.45
1571.92 2293.45
1140.2 4781.45
1153.92 2508.44
1573.07 3300.69
2221.09 3300.69
2222.29 3277.23
2222.29 3277.23
1138.41 2508.69
1140.2 4781.45
1590.3 3277.23
2222.29 3277.23
2213.91 3294.08
2222.29 3277.23
1570.68 2424.08
1590.3 2311.72
1590.3 3277.23
2224.34 3277.23
2222.29 3277.23
2213.91 3294.08
2222.29 4781.45
2222.29 3277.23
1573.07 3277.23
2221.09 3300.69
2221.09 3300.69
2222.29 3277.23
2222.29 3277.23
2222.29 3277.23
1153.03 1605.52
2222.29 3277.23
1140.2 3277.23
2213.91 3294.08
1153.03 1605.52
2223.83 3277.23
1153.92 2508.44
1589.82 3276.39
1590.3 2311.72
1153.03 3277.23
1570.68 2424.08
2222.29 3277.23
1152.63 2509.4
1153.03 3300.69
1590.3 2311.72
1590.3 3277.23
1589.82 3276.39
1138.41 2508.69
1590.3 3277.23
2222.29 3277.23
1138.41 2508.69
1590.3 2311.72
2222.29 3277.23
2222.29 3277.23
1140.2 3277.23
1605.07 3277.23
2223.83 3277.23
2222.29 3277.23
2221.31 3276.56
1573.07 2329.89
2222.29 3277.23
1570.68 2424.08
1590.3 3277.23
1590.3 2311.72
1590.3 2311.72
1570.68 2424.08
1590.3 2311.72
1590.3 2311.72
1138.41 2508.69
1570.68 2424.08
1590.3 3277.23
1138.41 2508.69
1140.2 3277.23
1155.65 2508.44
1570.68 2424.08
1140.2 2329.89
2222.29 3277.23
1567.65 4814.08
2222.29 3277.23
1140.2 3277.23
1138.41 2508.69
1590.3 2311.72
1590.3 2311.72
1153.03 3300.69
1589.82 3276.39
1153.03 3277.23
1140.2 2329.89
1570.68 2424.08
1590.3 2311.72
2222.29 3277.23
2222.29 3277.23
1140.2 3277.23
1161.08 1605.52
2222.29 3277.23
1590.3 2311.36
1138.41 2508.69
1138.41 2508.69
1590.3 3277.23
2218.04 3297.87
1590.3 2311.72
1590.3 3277.23
2213.91 3294.08
1605.07 2311.72
1590.3 2311.72
1567.65 3294.08
1138.41 2508.69
1590.3 3277.23
1153.92 2508.44
1152.38 2508.69
2213.91 3294.08
1153.03 1605.52
1590.3 2311.72
2222.29 3277.23
1166.35 2508.69
1153.03 1605.52
2340.48 3294.08
2222.29 3277.23
2218.04 3297.87
1140.2 4781.45
1590.3 2311.72
1590.3 3277.23
2222.29 3277.23
1590.66 2311.72
1138.41 2508.69
1140.2 3277.23
1590.3 3277.23
2213.91 3294.08
2222.29 3277.23
1153.03 3277.23
1590.3 3277.23
2222.29 3277.23
1152.38 2508.69
1605.07 3277.23
2272.67 3277.23
1140.2 3277.23
1152.63 2509.4
1153.03 3277.23
2222.29 3277.23
1138.41 460.0041293350981
4814.08 680.5659186238921